6.9214E+02 7.78940e-04 7.88999e-04 7.88994e-04 7.89001e-04 7.88999e-04 7.89001e-04 7.88957e-04 7.89001e-04 
7.1852E+02 7.76210e-04 7.88817e-04 7.88430e-04 7.89001e-04 7.88766e-04 7.88993e-04 7.88425e-04 7.89001e-04 
7.4874E+02 7.70740e-04 7.86789e-04 7.85402e-04 7.53656e-04 7.85975e-04 7.85459e-04 7.82053e-04 7.88851e-04 
7.7426E+02 7.81670e-04 7.80614e-04 7.76753e-04 6.08723e-04 7.76958e-04 7.64172e-04 7.61180e-04 7.86340e-04 
7.9895E+02 7.75290e-04 7.64637e-04 7.53809e-04 3.22939e-04 7.52552e-04 7.01630e-04 7.09368e-04 7.77480e-04 
8.2545E+02 5.37510e-04 7.21950e-04 6.91150e-04 3.93311e-06 6.84145e-04 5.16742e-04 5.68428e-04 7.51030e-04 
8.5038E+02 3.73530e-05 6.28635e-04 5.51017e-04 3.24070e-08 5.26379e-04 1.26813e-04 2.58553e-04 6.88621e-04 
8.7593E+02 8.19940e-06 4.18662e-04 2.26915e-04 3.42501e-10 1.57918e-04 1.50480e-07 4.12419e-08 5.38759e-04 
9.0061E+02 7.28830e-06 3.76165e-05 9.95559e-13 3.20553e-14 3.37812e-10 1.84904e-13 1.96465e-12 2.29406e-04 

