938 1.00000e-06 6.35188e-14 7.63460e-14 1.94887e-14 6.35190e-14 5.00820e-15 4.01221e-10 1.69462e-15 
1004 3.00000e-06 1.65317e-12 1.67204e-12 6.53384e-13 1.65321e-12 2.33697e-13 7.01909e-09 1.21761e-13 
1085 9.00000e-06 7.81046e-11 6.45487e-11 3.33989e-11 7.81255e-11 1.68816e-11 9.51113e-07 1.52435e-11 
1123 1.30000e-05 4.76035e-10 3.56906e-10 1.94285e-10 4.76434e-10 1.16128e-10 6.87035e-06 1.27949e-10 
1178 1.80000e-05 6.52424e-09 4.24273e-09 2.43322e-09 6.55248e-09 1.83314e-09 2.51253e-05 2.59829e-09 
1210 2.20000e-05 2.94221e-08 1.77462e-08 1.08177e-08 2.97448e-08 9.15960e-09 3.96449e-05 1.54508e-08 
1244 2.80000e-05 1.48082e-07 8.41146e-08 5.86075e-08 1.52434e-07 5.50602e-08 5.81360e-05 1.22905e-07 
1285 3.60000e-05 1.10988e-06 6.52282e-07 6.45203e-07 1.22716e-06 5.96457e-07 8.52854e-05 3.41189e-06 
1328 4.80000e-05 1.03378e-05 8.94579e-06 1.18067e-05 1.80371e-05 9.23966e-06 1.15219e-04 9.15895e-05 
1358 5.90000e-05 6.21157e-05 5.47209e-05 1.84470e-04 1.57436e-04 7.54966e-05 1.35360e-04 1.34196e-04 
1373 7.30000e-05 9.58358e-05 9.04409e-05 2.07051e-04 1.86949e-04 1.40322e-04 1.45882e-04 1.56525e-04 

