1033 0.00000e+00 1.19602e-15 2.50757e-15 1.34633e-17 1.19602e-15 1.21527e-15 3.16666e-13 6.39614e-16 
1121 0.00000e+00 6.12546e-14 1.26355e-13 9.13628e-16 6.12547e-14 7.11019e-14 4.36582e-08 1.85633e-14 
1162 0.00000e+00 3.27963e-13 6.61355e-13 5.87864e-15 3.27968e-13 3.90737e-13 3.35544e-07 7.87589e-14 
1199 0.00000e+00 1.56956e-12 2.85359e-12 3.27751e-14 1.56974e-12 1.76953e-12 9.72045e-07 2.98904e-13 
1238 1.00000e-06 1.49101e-11 1.63278e-11 2.30864e-13 1.49291e-11 1.09924e-11 2.15169e-06 1.60010e-12 
1277 0.00000e+00 4.48644e-10 2.49531e-10 2.10931e-12 4.52648e-10 1.86994e-10 3.49099e-06 1.79808e-11 
1305 1.00000e-06 7.78273e-09 4.94775e-09 1.36055e-11 8.04168e-09 3.27290e-09 3.35897e-06 5.94253e-10 
1321 2.00000e-06 4.42697e-08 4.61969e-08 5.79335e-11 4.78642e-08 2.16527e-08 2.83578e-06 6.99929e-08 
1344 6.00000e-06 9.27673e-07 2.25152e-06 2.24594e-09 1.71966e-06 6.65194e-07 2.24118e-06 4.22581e-05 
1369 1.00000e-05 2.42859e-05 1.71873e-05 7.77902e-07 3.28085e-05 3.06509e-05 1.79853e-06 4.05142e-05 

