938 0.00000e+00 1.60973e-17 1.96980e-17 2.29875e-18 1.60973e-17 8.23958e-18 1.64138e-16 1.07403e-17 
1004 0.00000e+00 5.85890e-16 6.06586e-16 9.42772e-17 5.85890e-16 2.97581e-16 2.25295e-14 2.81340e-16 
1085 1.00000e-06 3.09547e-14 2.71357e-14 5.72095e-15 3.09548e-14 1.55112e-14 7.08178e-10 1.15867e-14 
1178 1.00000e-06 2.99741e-12 1.26733e-12 3.96663e-13 2.99865e-12 8.10503e-13 5.04068e-07 7.87474e-13 
1208 1.00000e-06 3.07846e-11 4.51639e-12 1.57844e-12 3.08499e-11 3.19564e-12 1.08418e-06 3.54317e-12 
1244 1.00000e-06 7.13554e-10 3.47501e-11 1.26649e-11 7.20970e-10 3.15109e-11 2.17105e-06 4.12480e-11 
1284 2.00000e-06 2.05006e-08 1.16098e-09 7.38982e-10 2.16899e-08 1.18157e-09 3.32000e-06 3.44800e-08 
1328 4.00000e-06 6.60869e-07 1.97671e-07 2.36637e-07 1.13805e-06 1.64924e-07 2.45927e-06 4.01238e-05 
1357 9.00000e-06 1.02883e-05 6.18577e-06 2.89065e-05 3.33474e-05 8.38147e-06 1.84619e-06 3.98226e-05 
1372 1.40000e-05 2.46453e-05 1.70934e-05 2.85419e-05 3.47225e-05 3.77336e-05 1.62731e-06 3.82356e-05 

