6.9210E+02 1.82210e-06 6.95728e-14 6.98898e-13 1.64260e-19 7.17879e-14 1.04061e-15 3.95927e-11 6.58510e-20 
7.1848E+02 1.82210e-06 1.24858e-09 8.56177e-09 3.02681e-17 1.57474e-09 5.86214e-13 2.04891e-09 5.77029e-18 
7.4870E+02 1.82210e-06 8.03178e-08 1.69386e-07 2.52814e-08 1.10595e-07 3.61263e-08 1.28175e-07 8.16008e-12 
7.7465E+02 1.82210e-06 3.99913e-07 6.47772e-07 8.40486e-06 5.80219e-07 7.49223e-07 1.20421e-06 1.07388e-07 
8.0019E+02 9.11040e-07 1.28662e-06 1.99438e-06 2.91485e-05 1.95347e-06 3.26550e-06 4.92860e-06 1.09625e-06 
8.2571E+02 2.45980e-05 3.48149e-06 5.41331e-06 6.65658e-05 5.51149e-06 1.00481e-05 1.53090e-05 4.24281e-06 
8.5077E+02 1.02040e-04 8.37331e-06 1.31758e-05 8.89341e-05 1.38488e-05 2.62924e-05 4.19816e-05 1.20194e-05 
8.7500E+02 1.59430e-04 1.83580e-05 2.94005e-05 8.85069e-05 3.18032e-05 4.95997e-05 1.02104e-04 2.89272e-05 
9.0054E+02 1.49410e-04 3.97589e-05 6.31806e-05 8.78735e-05 6.55908e-05 5.21285e-05 1.14555e-04 6.62527e-05 

