798.287 1.41243e-07 3.14468e-17 9.10856e-17 1.03519e-20 3.14469e-17 1.97605e-17 1.51664e-07 3.61601e-19 
848.822 0.00000e+00 1.62053e-15 6.27293e-15 5.02204e-19 1.62084e-15 9.71609e-16 7.92482e-06 9.90638e-18 
899.358 0.00000e+00 4.12629e-12 5.49100e-11 3.14892e-17 4.21933e-12 5.97729e-13 5.90101e-05 2.14123e-16 
924.197 4.23729e-07 6.17269e-09 3.47639e-08 4.03905e-16 7.48037e-09 3.01078e-10 1.01704e-04 1.28903e-15 
948.18 7.06215e-07 5.29318e-07 1.66693e-06 1.04702e-14 7.81799e-07 4.90499e-07 1.08977e-04 2.50179e-14 
973.019 1.27119e-06 2.83338e-06 7.41430e-06 3.24185e-10 4.58387e-06 9.11238e-06 9.47753e-05 1.85013e-09 
997.859 2.82486e-06 7.30458e-06 1.70521e-05 1.93389e-05 1.22508e-05 2.56429e-05 8.09063e-05 1.28863e-06 
1023.55 5.08475e-06 1.50634e-05 3.16106e-05 4.93341e-05 2.54323e-05 4.26765e-05 6.78983e-05 4.38572e-06 
1048.39 8.75706e-06 2.62151e-05 4.76579e-05 6.36694e-05 4.14439e-05 5.28731e-05 5.67147e-05 8.32684e-06 
1074.09 1.61017e-05 3.91404e-05 5.72933e-05 6.43680e-05 4.99402e-05 5.67269e-05 4.64358e-05 1.31859e-05 
1098.93 2.85311e-05 4.53774e-05 5.60735e-05 5.91566e-05 4.88652e-05 5.58728e-05 3.75044e-05 1.82944e-05 
1124.63 3.78531e-05 4.39653e-05 4.95830e-05 5.14613e-05 4.42520e-05 5.15576e-05 2.90608e-05 2.28742e-05 
1149.46 3.20621e-05 3.86767e-05 4.08603e-05 4.28779e-05 3.82214e-05 4.49753e-05 2.15581e-05 2.31234e-05 
1174.3 2.51412e-05 3.15092e-05 3.07647e-05 3.34428e-05 3.09393e-05 3.66618e-05 1.47775e-05 1.77948e-05 
1200 1.82203e-05 2.30760e-05 2.00851e-05 2.34371e-05 2.25567e-05 2.68106e-05 8.83501e-06 1.21548e-05 

