798.287 1.41243e-07 1.58415e-12 4.24160e-12 9.11795e-16 1.58423e-12 6.64473e-13 1.23534e-06 5.98066e-16 
848.822 0.00000e+00 6.45110e-11 1.75595e-10 3.20821e-14 6.45550e-11 2.98499e-11 7.76425e-06 2.70630e-14 
899.358 0.00000e+00 5.14452e-09 1.80517e-08 1.52552e-12 5.22843e-09 1.82034e-09 1.57071e-05 1.50134e-12 
924.197 0.00000e+00 2.00623e-07 5.42769e-07 1.72152e-11 2.31227e-07 5.10099e-08 2.08621e-05 1.92493e-11 
948.18 0.00000e+00 2.01755e-06 4.24634e-06 3.79965e-10 2.84748e-06 2.94863e-06 2.79828e-05 5.46991e-10 
973.019 0.00000e+00 3.77791e-06 6.92993e-06 8.73393e-08 5.59291e-06 9.31101e-06 3.81495e-05 1.50848e-07 
997.859 0.00000e+00 5.20239e-06 8.90394e-06 1.24693e-05 7.77482e-06 1.24890e-05 5.08946e-05 1.67694e-06 
1023.55 1.41243e-07 6.92435e-06 1.11518e-05 1.41652e-05 1.03980e-05 1.46629e-05 6.71974e-05 2.31829e-06 
1048.39 1.41243e-07 8.89846e-06 1.29971e-05 1.47816e-05 1.26787e-05 1.65255e-05 8.63807e-05 2.72059e-06 
1074.09 1.17232e-05 1.06624e-05 1.36433e-05 1.58100e-05 1.31623e-05 1.93721e-05 1.10167e-04 3.05416e-06 
1098.93 1.44068e-05 1.11874e-05 1.46871e-05 1.84472e-05 1.49261e-05 2.38203e-05 1.37278e-04 3.29499e-06 
1124.63 2.54237e-05 1.22588e-05 1.83673e-05 2.38253e-05 2.01773e-05 3.18071e-05 1.69735e-04 3.42941e-06 
1149.46 3.47458e-05 1.61086e-05 2.43172e-05 2.98822e-05 2.74509e-05 4.40875e-05 2.05053e-04 3.37091e-06 
1174.3 3.50282e-05 2.14793e-05 2.80302e-05 3.51781e-05 3.51873e-05 5.94266e-05 2.43118e-04 5.11464e-06 
1200 4.29379e-05 2.62415e-05 3.16745e-05 4.24481e-05 4.58772e-05 7.61886e-05 2.82836e-04 7.54418e-06 

