798.287 9.80294e-04 9.90000e-04 9.90000e-04 9.90000e-04 9.90000e-04 9.90000e-04 9.84412e-04 9.90000e-04 
848.822 9.85572e-04 9.90000e-04 9.89999e-04 9.90000e-04 9.90000e-04 9.90000e-04 8.96031e-04 9.90000e-04 
899.358 9.85216e-04 9.89988e-04 9.89956e-04 9.90000e-04 9.89988e-04 9.89995e-04 4.70138e-04 9.90000e-04 
924.197 9.70956e-04 9.89425e-04 9.88081e-04 9.90000e-04 9.89370e-04 9.89866e-04 1.35346e-04 9.90000e-04 
948.18 9.42618e-04 9.76509e-04 9.55690e-04 9.89999e-04 9.72152e-04 9.72131e-04 6.82810e-06 9.89999e-04 
973.019 9.25542e-04 9.31022e-04 8.62356e-04 9.89813e-04 9.02059e-04 7.78028e-04 1.69250e-06 9.89474e-04 
997.859 8.85931e-04 8.43935e-04 7.08536e-04 6.86365e-04 7.60440e-04 4.73072e-04 8.28215e-07 9.66458e-04 
1023.55 8.46313e-04 6.88420e-04 4.73825e-04 2.74046e-04 5.09950e-04 2.18123e-04 4.49128e-07 9.12140e-04 
1048.39 7.61631e-04 4.58390e-04 2.15716e-04 7.35691e-05 2.02258e-04 8.89472e-05 2.35077e-07 8.28508e-04 
1074.09 5.98070e-04 1.88437e-04 5.08596e-05 1.31401e-05 3.50317e-05 3.05354e-05 9.84593e-08 6.97592e-04 
1098.93 3.52824e-04 4.65777e-05 8.53164e-06 9.21173e-07 4.29218e-06 7.60779e-06 2.95707e-08 5.11913e-04 
1124.63 7.09533e-05 7.42873e-06 2.87210e-07 2.38439e-09 4.73646e-08 4.56489e-07 4.53796e-09 2.52898e-04 
1149.46 1.16235e-05 9.16566e-08 3.22827e-11 3.14709e-14 2.03219e-12 2.51522e-09 2.79423e-10 3.66750e-05 
1174.3 8.63166e-06 1.00781e-13 6.28660e-18 8.67918e-18 9.53367e-18 6.57741e-13 3.79976e-12 8.77450e-09 
1200 2.81690e-06 1.47874e-17 6.78066e-18 1.01250e-17 1.04153e-17 1.00816e-17 3.88496e-15 4.32256e-16 

