873 2.42000e-04 2.42000e-04 2.42000e-04 2.42000e-04 2.42000e-04 2.42000e-04 2.41995e-04 2.42000e-04 
924 2.42000e-04 2.42000e-04 2.42000e-04 2.42000e-04 2.42000e-04 2.42000e-04 2.39800e-04 2.42000e-04 
974 2.41000e-04 2.42000e-04 2.41999e-04 2.42000e-04 2.42000e-04 2.42000e-04 1.67539e-04 2.42000e-04 
1024 2.41000e-04 2.41995e-04 2.41988e-04 2.42000e-04 2.41995e-04 2.41996e-04 5.78156e-05 2.42000e-04 
1074 2.41000e-04 2.41723e-04 2.41338e-04 2.42000e-04 2.41720e-04 2.41858e-04 1.07426e-05 2.41998e-04 
1124 2.34000e-04 2.10958e-04 1.99365e-04 2.41804e-04 2.01731e-04 2.11859e-04 2.90230e-06 2.39646e-04 
1174 1.98000e-04 1.18395e-04 9.59415e-05 1.02392e-04 7.40311e-05 9.71934e-05 1.07732e-06 1.76092e-04 
1224 7.50000e-05 3.99430e-05 2.61067e-05 9.27214e-06 1.16762e-05 2.50443e-05 3.50761e-07 1.83205e-05 
1274 0.00000e+00 5.31247e-06 2.24182e-06 9.76465e-08 4.35625e-07 1.43383e-06 4.82640e-08 7.19380e-08 

