873 2.45000e-04 2.45000e-04 2.45000e-04 2.45000e-04 2.45000e-04 2.44999e-04 2.42323e-04 2.45000e-04 
924 2.45000e-04 2.44907e-04 2.44994e-04 2.44983e-04 2.44906e-04 2.39769e-04 1.70969e-04 2.44945e-04 
974 2.11000e-04 6.42023e-05 1.38490e-04 1.03990e-04 4.95375e-05 7.69819e-05 2.86655e-05 2.32243e-04 
1024 7.70000e-05 3.96005e-06 9.12039e-06 8.21514e-07 2.12981e-06 2.12520e-06 9.06161e-07 1.79017e-04 
1074 1.30000e-05 8.41160e-08 9.28618e-08 2.90158e-08 8.32983e-08 5.18361e-08 8.30956e-08 3.61901e-05 
1123 5.00000e-06 1.18402e-08 1.90410e-08 5.29522e-09 1.30882e-08 6.27023e-09 1.73428e-08 6.16816e-07 
1173 0.00000e+00 1.31719e-09 3.32573e-09 4.92071e-10 1.51905e-09 4.17705e-10 3.12329e-09 7.58680e-08 
1223 0.00000e+00 2.84599e-11 1.71235e-10 7.16962e-12 3.51423e-11 4.50797e-12 1.78934e-10 4.12160e-09 
1273 0.00000e+00 3.63913e-14 9.29383e-13 6.13764e-15 4.94630e-14 3.26354e-15 1.07824e-12 3.60813e-11 

