873 0.00000e+00 2.16020e-13 5.25661e-13 1.81214e-16 2.16021e-13 8.02089e-14 5.01331e-09 6.91318e-17 
924 0.00000e+00 4.39833e-12 1.02732e-11 3.48248e-15 4.39844e-12 2.16431e-12 1.06200e-06 2.40751e-15 
974 0.00000e+00 7.31503e-11 1.66220e-10 5.87493e-14 7.31618e-11 4.07209e-11 1.72433e-05 6.90163e-14 
1024 0.00000e+00 1.39819e-09 3.23245e-09 1.36983e-12 1.40012e-09 7.89122e-10 3.38121e-05 2.60022e-12 
1074 0.00000e+00 8.83687e-08 2.19522e-07 9.14334e-11 9.07954e-08 4.05410e-08 5.19851e-05 3.57072e-10 
1124 5.00000e-06 7.13369e-06 8.96255e-06 7.01168e-08 1.03348e-05 8.93949e-06 7.18609e-05 5.46320e-07 
1174 1.00000e-05 1.45717e-05 1.63010e-05 1.97177e-05 2.24058e-05 2.20062e-05 9.38837e-05 3.39004e-06 
1224 2.30000e-05 1.92892e-05 1.91196e-05 2.53250e-05 3.04522e-05 2.91730e-05 1.18287e-04 8.12814e-06 
1274 5.00000e-05 2.65616e-05 2.56238e-05 4.25362e-05 4.75177e-05 4.32331e-05 1.42399e-04 2.22867e-05 

