873 0.00000e+00 2.77122e-13 7.89768e-13 9.02321e-13 2.77123e-13 1.36764e-10 5.24980e-07 4.17839e-13 
924 0.00000e+00 2.30572e-08 6.88713e-10 4.10864e-09 2.31713e-08 2.18893e-06 9.45931e-06 5.43284e-09 
974 1.10000e-05 1.81622e-05 1.21374e-05 1.44576e-05 2.43207e-05 2.48221e-05 2.76592e-05 9.24112e-07 
1024 1.40000e-05 2.91120e-05 1.56221e-05 2.65438e-05 4.27921e-05 4.24966e-05 5.22335e-05 1.26645e-06 
1074 3.00000e-05 7.51584e-05 5.47471e-05 7.61742e-05 9.27919e-05 8.79604e-05 8.04805e-05 1.77259e-06 
1123 3.20000e-05 1.28846e-04 1.11301e-04 1.23011e-04 1.44465e-04 1.31721e-04 1.13714e-04 5.59763e-05 
1173 3.50000e-05 1.69426e-04 1.57180e-04 1.57072e-04 1.81621e-04 1.65871e-04 1.46159e-04 1.20514e-04 
1223 4.00000e-05 1.92694e-04 1.85070e-04 1.78712e-04 2.02041e-04 1.87812e-04 1.71015e-04 1.60201e-04 
1273 5.60000e-05 2.05412e-04 2.00529e-04 1.92313e-04 2.12829e-04 2.00908e-04 1.88141e-04 1.83308e-04 

