1016 0.00000e+00 1.14622e-12 2.45589e-12 3.16983e-15 1.14624e-12 3.20628e-13 1.18515e-08 2.51856e-15 
1081 0.00000e+00 2.04790e-11 4.27354e-11 1.54979e-13 2.04808e-11 8.84626e-12 6.73529e-07 2.14124e-13 
1121 3.00000e-06 1.18999e-10 2.46720e-10 1.48203e-12 1.19030e-10 6.28479e-11 6.39916e-06 2.56805e-12 
1163 8.00000e-06 7.48645e-10 1.54966e-09 1.43122e-11 7.49281e-10 4.67485e-10 1.96427e-05 3.03739e-11 
1200 1.40000e-05 3.71042e-09 7.67075e-09 1.01425e-10 3.71948e-09 2.60116e-09 3.51236e-05 2.65207e-10 
1225 2.00000e-05 1.10473e-08 2.28333e-08 3.90344e-10 1.11031e-08 8.34540e-09 4.74275e-05 1.23795e-09 
1267 3.70000e-05 7.51891e-08 1.56434e-07 4.23129e-09 7.65430e-08 6.74176e-08 7.23861e-05 2.19630e-08 
1287 4.40000e-05 2.06765e-07 4.37183e-07 1.45190e-08 2.13919e-07 2.10054e-07 8.89522e-05 1.07728e-07 
1306 5.30000e-05 6.10282e-07 1.36781e-06 5.20128e-08 6.52522e-07 7.16930e-07 1.08199e-04 6.46195e-07 
1324 6.10000e-05 2.06374e-06 5.55755e-06 2.02213e-07 2.38990e-06 2.79078e-06 1.23039e-04 1.01032e-05 
1346 6.70000e-05 2.12490e-05 4.18279e-05 1.57499e-06 4.64647e-05 2.67952e-05 1.41253e-04 1.53655e-04 
1369 9.00000e-05 1.54048e-04 1.17167e-04 2.76395e-05 2.54132e-04 1.67291e-04 1.61697e-04 1.93168e-04 

