Filename	Temp	Meas	Abian	Curran	Galborg	Klippenstein	Krishana	Mevel	Polimi
x10010001     	1358.8	5.114E-04	0.000508627	0.000703623	4.65E-04	4.60E-04	4.17E-04	4.04E-04	5.67E-04
x10010001     	1397.1	2.756E-04	0.000359543	0.000489942	3.47E-04	3.32E-04	3.21E-04	2.75E-04	3.92E-04
x10010001     	1493.1	1.086E-04	0.000167953	0.000231115	1.85E-04	1.61E-04	1.80E-04	1.21E-04	1.81E-04
x10010001     	1508.8	9.820E-05	0.000150435	0.000207894	1.69E-04	1.45E-04	1.65E-04	1.08E-04	1.62E-04
x10010001     	1520.8	8.400E-05	0.000138641	0.000192235	1.58E-04	1.34E-04	1.54E-04	9.91E-05	1.49E-04
x10010001     	1615	4.590E-05	7.82757E-05	0.000110588	9.63E-05	7.70E-05	9.64E-05	5.37E-05	8.48E-05
x10010001     	1751.2	1.980E-05	4.02945E-05	5.64365E-05	5.12E-05	4.01E-05	5.22E-05	2.53E-05	4.34E-05
x10010001     	1836.5	1.350E-05	0.000028239	3.87348E-05	3.56E-05	2.82E-05	3.65E-05	1.67E-05	3.01E-05
x10010002     	1988.7	1.590E-05	2.68343E-05	3.31224E-05	3.37E-05	2.68E-05	3.28E-05	1.20E-05	2.59E-05
x10010002     	1997.2	1.800E-05	2.58944E-05	3.18905E-05	3.25E-05	2.58E-05	3.16E-05	1.16E-05	2.49E-05
x10010002     	1901.8	2.790E-05	3.90638E-05	4.94588E-05	4.97E-05	3.89E-05	4.91E-05	1.74E-05	3.82E-05
x10010002     	1823	3.070E-05	5.59915E-05	7.28281E-05	7.21E-05	5.56E-05	7.22E-05	2.54E-05	5.54E-05
x10010002     	1844.1	2.910E-05	5.07411E-05	6.55034E-05	6.51E-05	5.04E-05	6.50E-05	2.28E-05	5.00E-05
x10010002     	1842.9	2.640E-05	5.10251E-05	6.58991E-05	6.55E-05	5.07E-05	6.54E-05	2.30E-05	5.03E-05
x10010002     	1720.4	6.940E-05	9.30037E-05	0.000125352	1.21E-04	9.18E-05	1.22E-04	4.47E-05	9.25E-05
x10010002     	1638.9	1.363E-04	0.000146389	0.000201178	1.87E-04	1.43E-04	1.90E-04	7.43E-05	1.44E-04
x10010002     	1582.7	1.871E-04	0.000208979	0.000287634	2.56E-04	2.01E-04	2.61E-04	1.09E-04	2.02E-04
x10010002     	1573	1.594E-04	0.000223304	0.000307007	2.71E-04	2.14E-04	2.76E-04	1.17E-04	2.14E-04
x10010002     	1526.8	1.815E-04	0.00031368	0.000426305	3.58E-04	2.95E-04	3.65E-04	1.64E-04	2.91E-04
x10010002     	1530.4	2.766E-04	0.000304995	0.000415033	3.50E-04	2.87E-04	3.57E-04	1.59E-04	2.84E-04
x10010002     	1470.7	4.284E-04	0.000505192	0.000669344	5.14E-04	4.58E-04	5.27E-04	2.57E-04	4.43E-04
x10010002     	1423.3	7.429E-04	0.000804583	0.00104343	7.20E-04	6.99E-04	7.43E-04	3.95E-04	6.63E-04
x10010002     	1404.4	7.438E-04	0.000984595	0.00127088	8.31E-04	8.38E-04	8.61E-04	4.75E-04	7.91E-04
x10010003     	1484.4	1.767E-03	0.0025901	0.00253017	2.41E-03	2.16E-03	1.84E-03	4.01E-04	1.58E-03
x10010003     	1515.5	8.927E-04	0.00175207	0.00175692	1.80E-03	1.53E-03	1.38E-03	3.03E-04	1.17E-03
x10010003     	1572.8	5.531E-04	0.000932064	0.000968228	1.08E-03	8.59E-04	8.32E-04	1.88E-04	7.07E-04
x10010003     	1587.6	4.495E-04	0.000804691	0.000841326	9.51E-04	7.49E-04	7.34E-04	1.67E-04	6.25E-04
x10010003     	1625.3	3.396E-04	0.000566838	0.000600307	6.96E-04	5.38E-04	5.40E-04	1.26E-04	4.61E-04
x10010003     	1708.6	2.051E-04	0.000286903	0.000309183	3.67E-04	2.79E-04	2.88E-04	7.11E-05	2.48E-04
x10010003     	1735.6	1.928E-04	0.000234943	0.000254193	3.02E-04	2.30E-04	2.39E-04	6.01E-05	2.06E-04
x10010003     	1764.4	1.454E-04	0.000191561	0.000208048	2.47E-04	1.88E-04	1.96E-04	5.06E-05	1.69E-04
x10010003     	1804.2	1.001E-04	0.000146439	0.000159782	1.89E-04	1.44E-04	1.52E-04	4.04E-05	1.31E-04
x10010003     	1848.5	9.360E-05	0.000110355	0.000120974	1.43E-04	1.09E-04	1.16E-04	3.20E-05	9.90E-05
x10010003     	1978.4	3.730E-05	5.21775E-05	5.78529E-05	6.81E-05	5.19E-05	5.64E-05	1.76E-05	4.70E-05
x10010003     	2053.6	3.090E-05	3.54051E-05	3.94559E-05	4.63E-05	3.53E-05	3.90E-05	1.31E-05	3.18E-05
x10010003     	2098.4	2.010E-05	2.84926E-05	3.18374E-05	3.73E-05	2.84E-05	3.18E-05	1.11E-05	2.55E-05
x10010004     	2048.722724	5.947E-05	0.000105117	0.000116523	1.43E-04	1.05E-04	1.29E-04	5.41E-05	1.01E-04
x10010004     	2030.390891	9.012E-05	0.00011532	0.000127822	1.57E-04	1.15E-04	1.41E-04	5.75E-05	1.10E-04
x10010004     	1976.808088	8.976E-05	0.000153077	0.000170791	2.08E-04	1.53E-04	1.82E-04	6.94E-05	1.46E-04
x10010004     	1838.390746	2.080E-04	0.000355336	0.000394546	4.61E-04	3.53E-04	3.78E-04	1.23E-04	3.29E-04
x10010004     	1818.019849	1.950E-04	0.000407324	0.000451117	5.25E-04	4.04E-04	4.25E-04	1.35E-04	3.75E-04
x10010004     	1787.642386	2.390E-04	0.000502433	0.000553888	6.40E-04	4.98E-04	5.11E-04	1.58E-04	4.59E-04
x10010004     	1698.179212	3.470E-04	0.000975897	0.00105754	1.21E-03	9.61E-04	9.16E-04	2.70E-04	8.63E-04
x10010004     	1667.147361	5.491E-04	0.00125154	0.00134532	1.55E-03	1.23E-03	1.14E-03	3.33E-04	1.09E-03
x10010004     	1644.033801	5.375E-04	0.00151717	0.00161943	1.87E-03	1.49E-03	1.36E-03	3.93E-04	1.30E-03
x10010004     	1557.879912	1.245E-03	0.00332455	0.00342189	3.96E-03	3.20E-03	2.76E-03	7.87E-04	2.66E-03
x10010014     	1564	1.132E-03	1.11E-03	1.01E-03	9.87E-04	1.02E-03	8.16E-04	2.51E-04	6.46E-04
x10010014     	1593	8.200E-04	7.83E-04	7.46E-04	7.45E-04	7.41E-04	6.25E-04	1.90E-04	5.03E-04
x10010014     	1625	5.600E-04	5.55E-04	5.47E-04	5.52E-04	5.34E-04	4.75E-04	1.43E-04	3.86E-04
x10010014     	1652	4.600E-04	4.22E-04	4.25E-04	4.30E-04	4.09E-04	3.79E-04	1.14E-04	3.08E-04
x10010014     	1717	3.290E-04	2.30E-04	2.41E-04	2.40E-04	2.26E-04	2.28E-04	6.90E-05	1.83E-04
x10010014     	1771	2.230E-04	1.48E-04	1.58E-04	1.55E-04	1.46E-04	1.57E-04	4.86E-05	1.24E-04
x10010014     	1832	1.410E-04	9.42E-05	1.02E-04	9.80E-05	9.34E-05	1.07E-04	3.44E-05	8.26E-05
x10010014     	1894	9.400E-05	6.17E-05	6.79E-05	6.35E-05	6.13E-05	7.40E-05	2.52E-05	5.59E-05
x10010015     	1927	1.113E-03	7.88E-04	8.79E-04	1.26E-03	7.85E-04	9.02E-04	4.55E-04	7.99E-04
x10010015     	1969	9.980E-04	6.18E-04	6.91E-04	9.84E-04	6.16E-04	7.39E-04	3.82E-04	6.32E-04
x10010015     	2008	7.830E-04	5.08E-04	5.69E-04	8.06E-04	5.06E-04	6.30E-04	3.34E-04	5.24E-04
x10010015     	2023	7.690E-04	4.90E-04	5.49E-04	7.78E-04	4.88E-04	6.15E-04	3.29E-04	5.07E-04
x10010015     	2077	5.510E-04	3.63E-04	4.07E-04	5.61E-04	3.62E-04	4.77E-04	2.61E-04	3.78E-04
x10010015     	2164	3.800E-04	2.43E-04	2.72E-04	3.55E-04	2.42E-04	3.40E-04	1.92E-04	2.55E-04
x10010015     	2175	3.620E-04	2.27E-04	2.55E-04	3.29E-04	2.27E-04	3.21E-04	1.82E-04	2.39E-04
x10010015     	2266	2.260E-04	1.51E-04	1.69E-04	2.02E-04	1.51E-04	2.26E-04	1.30E-04	1.60E-04
x10010015     	2312	1.700E-04	1.27E-04	1.42E-04	1.62E-04	1.27E-04	1.94E-04	1.13E-04	1.35E-04
x10010015     	2389	1.290E-04	9.97E-05	1.11E-04	1.17E-04	9.96E-05	1.58E-04	9.22E-05	1.06E-04
x10010015     	2479	9.100E-05	7.37E-05	8.11E-05	7.78E-05	7.36E-05	1.21E-04	7.05E-05	7.76E-05
x10010016     	1626	1.170E-03	1.10E-03	1.14E-03	1.20E-03	1.07E-03	9.86E-04	3.17E-04	9.09E-04
x10010016     	1665	7.470E-04	7.92E-04	8.35E-04	8.74E-04	7.80E-04	7.45E-04	2.44E-04	6.82E-04
x10010016     	1706	5.530E-04	5.66E-04	6.06E-04	6.24E-04	5.59E-04	5.58E-04	1.86E-04	5.02E-04
x10010016     	1742	4.860E-04	4.25E-04	4.60E-04	4.68E-04	4.21E-04	4.35E-04	1.49E-04	3.85E-04
x10010016     	1801	3.680E-04	2.76E-04	3.02E-04	3.02E-04	2.74E-04	3.00E-04	1.07E-04	2.57E-04
x10010016     	1838	2.720E-04	2.18E-04	2.40E-04	2.40E-04	2.17E-04	2.46E-04	9.08E-05	2.07E-04
x10010016     	1923	1.530E-04	1.22E-04	1.35E-04	1.33E-04	1.21E-04	1.48E-04	5.88E-05	1.18E-04
x10010016     	1984	1.240E-04	8.44E-05	9.42E-05	9.27E-05	8.40E-05	1.08E-04	4.53E-05	8.33E-05
x10010016     	2015	9.900E-05	7.40E-05	8.27E-05	8.19E-05	7.37E-05	9.68E-05	4.21E-05	7.36E-05
x10010017     	1586	1.148E-03	1.30E-03	1.21E-03	1.24E-03	1.21E-03	8.54E-04	2.95E-04	7.52E-04
x10010017     	1619	9.650E-04	8.82E-04	8.52E-04	8.82E-04	8.34E-04	6.20E-04	2.01E-04	5.55E-04
x10010017     	1652	6.630E-04	6.15E-04	6.14E-04	6.38E-04	5.88E-04	4.58E-04	1.42E-04	4.15E-04
x10010017     	1672	6.240E-04	4.89E-04	4.96E-04	5.14E-04	4.70E-04	3.73E-04	1.13E-04	3.38E-04
x10010017     	1742	3.700E-04	2.53E-04	2.69E-04	2.76E-04	2.47E-04	2.13E-04	6.11E-05	1.93E-04
x10010017     	1750	3.460E-04	2.38E-04	2.54E-04	2.60E-04	2.33E-04	2.03E-04	5.79E-05	1.84E-04
x10010017     	1808	2.650E-04	1.50E-04	1.65E-04	1.66E-04	1.48E-04	1.37E-04	3.89E-05	1.22E-04
x10010017     	1860	1.620E-04	1.02E-04	1.14E-04	1.13E-04	1.01E-04	9.79E-05	2.83E-05	8.59E-05
x10010017     	1926	1.090E-04	6.42E-05	7.23E-05	7.06E-05	6.35E-05	6.49E-05	1.96E-05	5.56E-05
x10010018     	1987	1.167E-03	7.16E-04	8.16E-04	1.48E-03	7.11E-04	7.59E-04	3.22E-04	7.07E-04
x10010018     	2030	9.250E-04	5.86E-04	6.68E-04	1.19E-03	5.82E-04	6.44E-04	2.82E-04	5.81E-04
x10010018     	2087	7.490E-04	4.54E-04	5.18E-04	8.91E-04	4.52E-04	5.23E-04	2.38E-04	4.52E-04
x10010018     	2091	7.390E-04	4.33E-04	4.93E-04	8.43E-04	4.30E-04	5.00E-04	2.28E-04	4.31E-04
x10010018     	2168	4.420E-04	2.92E-04	3.32E-04	5.25E-04	2.90E-04	3.55E-04	1.69E-04	2.91E-04
x10010018     	2253	3.030E-04	2.02E-04	2.28E-04	3.29E-04	2.01E-04	2.58E-04	1.27E-04	2.00E-04
x10010018     	2304	2.250E-04	1.69E-04	1.91E-04	2.58E-04	1.68E-04	2.22E-04	1.11E-04	1.67E-04
x10010018     	2372	1.580E-04	1.29E-04	1.44E-04	1.79E-04	1.28E-04	1.74E-04	8.88E-05	1.26E-04
x10010018     	2418	1.250E-04	1.10E-04	1.23E-04	1.44E-04	1.10E-04	1.52E-04	7.84E-05	1.08E-04
x10010018     	2489	8.300E-05	8.45E-05	9.34E-05	9.90E-05	8.42E-05	1.20E-04	6.24E-05	8.16E-05
x10010019     	1663	1.163E-03	1.08E-03	1.14E-03	1.22E-03	1.05E-03	8.86E-04	2.63E-04	8.78E-04
x10010019     	1686	1.016E-03	8.97E-04	9.65E-04	1.02E-03	8.79E-04	7.54E-04	2.23E-04	7.48E-04
x10010019     	1742	7.040E-04	5.55E-04	6.10E-04	6.42E-04	5.47E-04	4.93E-04	1.46E-04	4.81E-04
x10010019     	1790	5.550E-04	3.88E-04	4.32E-04	4.55E-04	3.83E-04	3.60E-04	1.09E-04	3.45E-04
x10010019     	1824	4.250E-04	3.02E-04	3.38E-04	3.57E-04	2.99E-04	2.89E-04	8.89E-05	2.72E-04
x10010019     	1910	2.600E-04	1.71E-04	1.94E-04	2.08E-04	1.70E-04	1.76E-04	5.80E-05	1.59E-04
x10010019     	1947	1.970E-04	1.36E-04	1.54E-04	1.67E-04	1.34E-04	1.44E-04	4.90E-05	1.27E-04
x10010019     	2005	1.530E-04	9.43E-05	1.07E-04	1.17E-04	9.36E-05	1.04E-04	3.75E-05	8.89E-05
x10010019     	2079	1.060E-04	6.38E-05	7.27E-05	8.05E-05	6.34E-05	7.36E-05	2.87E-05	6.08E-05
x10010020     	1566	1.370E-03	1.05E-03	9.76E-04	9.29E-04	9.57E-04	7.58E-04	2.24E-04	5.57E-04
x10010020     	1579	8.770E-04	9.01E-04	8.51E-04	8.26E-04	8.29E-04	6.72E-04	1.96E-04	5.02E-04
x10010020     	1665	5.030E-04	3.45E-04	3.53E-04	3.57E-04	3.31E-04	2.92E-04	8.07E-05	2.33E-04
x10010020     	1716	3.620E-04	2.16E-04	2.28E-04	2.31E-04	2.10E-04	1.92E-04	5.21E-05	1.57E-04
x10010020     	1723	3.340E-04	2.09E-04	2.22E-04	2.25E-04	2.04E-04	1.88E-04	5.08E-05	1.54E-04
x10010020     	1810	1.680E-04	1.02E-04	1.12E-04	1.12E-04	1.01E-04	9.76E-05	2.64E-05	8.09E-05
x10010020     	1866	1.170E-04	6.84E-05	7.60E-05	7.46E-05	6.75E-05	6.72E-05	1.86E-05	5.57E-05
x10010021     	1827	1.662E-03	1.35E-03	1.53E-03	2.65E-03	1.34E-03	1.18E-03	4.10E-04	1.26E-03
x10010021     	1895	1.334E-03	9.27E-04	1.05E-03	1.89E-03	9.20E-04	8.52E-04	3.12E-04	8.71E-04
x10010021     	1927	1.078E-03	7.42E-04	8.44E-04	1.51E-03	7.37E-04	7.01E-04	2.62E-04	7.00E-04
x10010021     	2029	6.710E-04	4.29E-04	4.89E-04	8.60E-04	4.26E-04	4.37E-04	1.78E-04	4.09E-04
x10010021     	2076	5.160E-04	3.37E-04	3.85E-04	6.59E-04	3.35E-04	3.55E-04	1.49E-04	3.23E-04
x10010021     	2179	3.300E-04	2.08E-04	2.37E-04	3.75E-04	2.07E-04	2.33E-04	1.05E-04	2.00E-04
x10010021     	2253	2.240E-04	1.54E-04	1.76E-04	2.59E-04	1.54E-04	1.80E-04	8.45E-05	1.48E-04
x10010021     	2290	2.010E-04	1.40E-04	1.59E-04	2.26E-04	1.40E-04	1.66E-04	7.96E-05	1.35E-04
x10010021     	2454	9.000E-05	7.18E-05	8.07E-05	9.49E-05	7.15E-05	9.04E-05	4.62E-05	6.81E-05
x10010022     	1618	1.453E-03	1.12E-03	1.17E-03	1.26E-03	1.09E-03	9.72E-04	2.65E-04	8.62E-04
x10010022     	1719	6.500E-04	4.63E-04	5.04E-04	5.35E-04	4.54E-04	4.27E-04	1.16E-04	3.86E-04
x10010022     	1768	5.040E-04	3.26E-04	3.61E-04	3.82E-04	3.22E-04	3.09E-04	8.59E-05	2.80E-04
x10010022     	1776	3.900E-04	3.18E-04	3.53E-04	3.75E-04	3.14E-04	3.03E-04	8.46E-05	2.75E-04
x10010022     	1890	2.100E-04	1.36E-04	1.53E-04	1.61E-04	1.34E-04	1.37E-04	4.12E-05	1.21E-04
x10010022     	2000	1.090E-04	6.95E-05	7.91E-05	8.47E-05	6.90E-05	7.38E-05	2.46E-05	6.28E-05
x10010022     	2085	7.400E-05	4.49E-05	5.13E-05	5.59E-05	4.46E-05	4.93E-05	1.80E-05	4.10E-05
x10010023     	1584	1.426E-03	7.87E-04	8.47E-04	8.33E-04	7.45E-04	7.72E-04	7.37E-05	6.01E-04
x10010023     	1599	1.179E-03	6.59E-04	7.15E-04	7.05E-04	6.31E-04	6.64E-04	6.64E-05	5.20E-04
x10010023     	1660	6.080E-04	3.53E-04	3.91E-04	3.84E-04	3.44E-04	3.83E-04	4.65E-05	3.02E-04
x10010023     	1676	5.100E-04	2.90E-04	3.22E-04	3.14E-04	2.85E-04	3.23E-04	4.06E-05	2.52E-04
x10010023     	1762	3.070E-04	1.47E-04	1.60E-04	1.55E-04	1.47E-04	1.75E-04	2.75E-05	1.31E-04
x10010023     	1844	1.990E-04	8.09E-05	8.63E-05	8.29E-05	8.09E-05	1.04E-04	1.96E-05	7.23E-05
x10010023     	1906	1.180E-04	5.39E-05	5.74E-05	5.51E-05	5.39E-05	7.38E-05	1.58E-05	4.84E-05
x10010024     	1992	1.149E-02	5.72E-04	6.53E-04	1.78E-03	5.72E-04	7.98E-04	2.79E-04	6.33E-04
x10010024     	2000	1.068E-02	5.54E-04	6.34E-04	1.71E-03	5.54E-04	7.84E-04	2.76E-04	6.16E-04
x10010024     	2000	4.870E-03	5.54E-04	6.34E-04	1.71E-03	5.54E-04	7.84E-04	2.76E-04	6.16E-04
x10010024     	2073	6.810E-03	3.44E-04	3.97E-04	9.82E-04	3.43E-04	5.51E-04	2.05E-04	3.93E-04
x10010024     	2161	3.750E-03	2.09E-04	2.54E-04	5.54E-04	2.09E-04	3.89E-04	1.54E-04	2.52E-04
x10010024     	2230	2.660E-03	1.47E-04	1.93E-04	3.73E-04	1.47E-04	3.08E-04	1.27E-04	1.89E-04
x10010024     	2265	2.110E-03	1.22E-04	1.66E-04	3.03E-04	1.22E-04	2.71E-04	1.14E-04	1.63E-04
x10010024     	2330	1.430E-03	8.35E-05	1.20E-04	2.00E-04	8.34E-05	2.07E-04	8.94E-05	1.18E-04
x10010024     	2361	1.240E-03	7.02E-05	1.03E-04	1.66E-04	7.01E-05	1.84E-04	8.02E-05	1.02E-04
x10010024     	2404	1.000E-03	5.51E-05	8.38E-05	1.28E-04	5.49E-05	1.57E-04	6.94E-05	8.41E-05
x10010025     	1651	1.340E-03	9.87E-04	1.12E-03	1.28E-03	9.69E-04	9.01E-04	1.35E-04	8.90E-04
x10010025     	1729	8.410E-04	5.15E-04	5.83E-04	6.97E-04	5.11E-04	5.22E-04	9.34E-05	4.82E-04
x10010025     	1750	7.810E-04	4.47E-04	5.05E-04	6.15E-04	4.45E-04	4.64E-04	8.71E-05	4.20E-04
x10010025     	1812	4.580E-04	2.77E-04	3.10E-04	3.95E-04	2.76E-04	3.13E-04	6.60E-05	2.63E-04
x10010025     	1890	3.180E-04	1.60E-04	1.78E-04	2.43E-04	1.60E-04	2.02E-04	4.90E-05	1.54E-04
x10010025     	1961	2.140E-04	9.50E-05	1.05E-04	1.48E-04	9.50E-05	1.33E-04	3.58E-05	9.18E-05
x10010025     	1962	2.010E-04	9.80E-05	1.08E-04	1.55E-04	9.80E-05	1.37E-04	3.71E-05	9.50E-05
x10010025     	2038	1.350E-04	6.24E-05	6.91E-05	1.04E-04	6.24E-05	9.74E-05	2.91E-05	6.14E-05
x10010026     	2165.79	8.740E-06	6.09E-06	6.89E-06	6.10E-06	6.07E-06	7.61E-06	2.36E-06	5.15E-06
x10010026     	2096.71	1.290E-05	8.60E-06	9.68E-06	8.74E-06	8.56E-06	1.04E-05	3.09E-06	7.20E-06
x10010026     	2081.33	1.310E-05	9.32E-06	1.05E-05	9.50E-06	9.27E-06	1.12E-05	3.29E-06	7.79E-06
x10010026     	1872.13	3.880E-05	3.25E-05	3.55E-05	3.44E-05	3.21E-05	3.53E-05	9.08E-06	2.55E-05
x10010026     	1791.56	6.450E-05	5.81E-05	6.21E-05	6.15E-05	5.70E-05	6.01E-05	1.49E-05	4.34E-05
x10010026     	1758.87	6.500E-05	7.52E-05	7.94E-05	7.91E-05	7.34E-05	7.60E-05	1.85E-05	5.45E-05
x10010026     	1695.72	1.390E-04	1.30E-04	1.33E-04	1.32E-04	1.25E-04	1.24E-04	2.95E-05	8.66E-05
x10010026     	1655.38	1.590E-04	1.92E-04	1.92E-04	1.86E-04	1.81E-04	1.73E-04	4.10E-05	1.19E-04
x10010026     	1640.06	1.840E-04	2.25E-04	2.22E-04	2.13E-04	2.10E-04	1.98E-04	4.68E-05	1.34E-04
x10010026     	1542.16	2.920E-04	7.61E-04	6.82E-04	5.34E-04	6.29E-04	5.05E-04	1.20E-04	3.16E-04
x10010027     	2586.37	1.050E-04	9.91E-05	1.12E-04	1.19E-04	9.91E-05	1.26E-04	5.87E-05	9.22E-05
x10010027     	2492.09	9.900E-05	1.34E-04	1.51E-04	1.75E-04	1.34E-04	1.64E-04	7.52E-05	1.25E-04
x10010027     	2405.56	1.050E-04	1.81E-04	2.04E-04	2.54E-04	1.81E-04	2.13E-04	9.55E-05	1.70E-04
x10010027     	2344.3	2.060E-04	2.26E-04	2.55E-04	3.37E-04	2.26E-04	2.58E-04	1.14E-04	2.13E-04
x10010027     	2279.02	2.740E-04	2.91E-04	3.28E-04	4.61E-04	2.91E-04	3.21E-04	1.39E-04	2.75E-04
x10010027     	2265.76	4.530E-04	3.07E-04	3.46E-04	4.93E-04	3.07E-04	3.36E-04	1.44E-04	2.90E-04
x10010027     	2188.84	4.660E-04	4.24E-04	4.75E-04	7.28E-04	4.23E-04	4.43E-04	1.85E-04	4.00E-04
x10010027     	2050.77	1.260E-03	7.99E-04	8.90E-04	1.54E-03	7.96E-04	7.66E-04	2.97E-04	7.57E-04
x10010027     	1995	1.290E-03	1.06E-03	1.17E-03	2.12E-03	1.05E-03	9.77E-04	3.67E-04	1.00E-03
x10010027     	1987.37	1.490E-03	1.10E-03	1.22E-03	2.21E-03	1.09E-03	1.01E-03	3.78E-04	1.04E-03
x10010027     	1983.49	1.380E-03	1.12E-03	1.24E-03	2.26E-03	1.12E-03	1.03E-03	3.84E-04	1.06E-03
x10010028     	2399.9	2.350E-06	2.10E-06	2.37E-06	1.89E-06	2.10E-06	3.18E-06	1.42E-06	1.99E-06
x10010028     	2357.74	3.460E-06	2.48E-06	2.79E-06	2.25E-06	2.47E-06	3.68E-06	1.62E-06	2.34E-06
x10010028     	2066.16	2.210E-05	9.55E-06	1.06E-05	9.40E-06	9.52E-06	1.22E-05	4.53E-06	8.57E-06
x10010028     	1968.29	3.780E-05	1.67E-05	1.83E-05	1.68E-05	1.66E-05	2.00E-05	6.94E-06	1.45E-05
x10010028     	1903.02	5.114E-05	2.51E-05	2.72E-05	2.57E-05	2.49E-05	2.88E-05	9.55E-06	2.11E-05
x10010028     	1782.14	1.028E-04	5.91E-05	6.21E-05	6.15E-05	5.81E-05	6.23E-05	1.90E-05	4.58E-05
x10010028     	1655.31	1.346E-04	1.81E-04	1.78E-04	1.74E-04	1.72E-04	1.67E-04	4.67E-05	1.16E-04
x10010029     	2440.28	1.900E-05	1.50E-05	1.70E-05	1.83E-05	1.50E-05	2.13E-05	8.96E-06	1.40E-05
x10010029     	2319.35	3.454E-05	2.38E-05	2.70E-05	3.14E-05	2.37E-05	3.22E-05	1.30E-05	2.22E-05
x10010029     	2255.97	4.306E-05	3.08E-05	3.51E-05	4.20E-05	3.08E-05	4.07E-05	1.59E-05	2.88E-05
x10010029     	2232.94	4.871E-05	3.40E-05	3.87E-05	4.68E-05	3.40E-05	4.44E-05	1.72E-05	3.18E-05
x10010029     	2198.47	7.024E-05	3.96E-05	4.50E-05	5.51E-05	3.95E-05	5.09E-05	1.93E-05	3.70E-05
x10010029     	2186.88	6.271E-05	4.17E-05	4.74E-05	5.82E-05	4.16E-05	5.33E-05	2.01E-05	3.89E-05
x10010029     	2140.88	9.165E-05	5.16E-05	5.86E-05	7.28E-05	5.15E-05	6.44E-05	2.36E-05	4.81E-05
x10010029     	2106.21	8.092E-05	6.10E-05	6.91E-05	8.63E-05	6.08E-05	7.47E-05	2.67E-05	5.68E-05
x10010029     	2079.62	1.827E-04	6.96E-05	7.88E-05	9.86E-05	6.94E-05	8.40E-05	2.95E-05	6.48E-05
x10010029     	2068.01	1.549E-04	7.38E-05	8.35E-05	1.05E-04	7.36E-05	8.85E-05	3.08E-05	6.87E-05
x10010029     	2025.81	2.033E-04	9.20E-05	1.04E-04	1.30E-04	9.15E-05	1.08E-04	3.64E-05	8.54E-05
x10010029     	2021.92	1.857E-04	9.39E-05	1.06E-04	1.32E-04	9.35E-05	1.10E-04	3.69E-05	8.72E-05
x10010029     	1960.55	2.846E-04	1.32E-04	1.48E-04	1.83E-04	1.31E-04	1.48E-04	4.77E-05	1.22E-04
x10010029     	1757.13	8.328E-04	4.78E-04	5.23E-04	6.30E-04	4.71E-04	4.76E-04	1.33E-04	4.29E-04
x10010029     	1745.62	9.102E-04	5.19E-04	5.67E-04	6.82E-04	5.11E-04	5.13E-04	1.42E-04	4.65E-04
x10010029     	1611.1	1.177E-03	1.50E-03	1.59E-03	1.91E-03	1.45E-03	1.38E-03	3.56E-04	1.26E-03
x10010030     	1860.77	2.003E-04	1.38E-04	1.52E-04	1.90E-04	1.37E-04	1.43E-04	4.02E-05	1.26E-04
x10010030     	1857.01	2.450E-04	1.42E-04	1.55E-04	1.94E-04	1.40E-04	1.46E-04	4.10E-05	1.29E-04
x10010030     	1791.73	3.208E-04	2.14E-04	2.34E-04	2.92E-04	2.11E-04	2.17E-04	5.80E-05	1.94E-04
x10010030     	1784.13	3.991E-04	2.26E-04	2.46E-04	3.06E-04	2.22E-04	2.28E-04	6.05E-05	2.04E-04
x10010030     	1743.75	4.104E-04	2.98E-04	3.23E-04	4.01E-04	2.92E-04	2.97E-04	7.66E-05	2.67E-04
x10010030     	1724.69	6.256E-04	3.41E-04	3.69E-04	4.58E-04	3.33E-04	3.38E-04	8.61E-05	3.04E-04
x10010030     	1703.38	4.272E-04	3.99E-04	4.31E-04	5.33E-04	3.89E-04	3.93E-04	9.85E-05	3.53E-04
x10010031     	2169.85	4.044E-05	2.47E-05	2.76E-05	3.15E-05	2.46E-05	2.88E-05	1.18E-05	2.31E-05
x10010031     	2133.35	4.545E-05	2.91E-05	3.25E-05	3.74E-05	2.90E-05	3.36E-05	1.34E-05	2.72E-05
x10010031     	2081.42	4.607E-05	3.71E-05	4.13E-05	4.81E-05	3.70E-05	4.22E-05	1.62E-05	3.48E-05
x10010031     	2043.16	7.427E-05	4.48E-05	4.97E-05	5.83E-05	4.47E-05	5.04E-05	1.87E-05	4.20E-05
x10010031     	2012.37	7.176E-05	5.24E-05	5.79E-05	6.83E-05	5.22E-05	5.84E-05	2.11E-05	4.91E-05
x10010031     	1981.76	1.069E-04	6.16E-05	6.78E-05	8.03E-05	6.13E-05	6.80E-05	2.39E-05	5.76E-05
x10010031     	1885.73	1.499E-04	1.05E-04	1.15E-04	1.38E-04	1.05E-04	1.14E-04	3.66E-05	9.80E-05
x10010031     	1878.06	1.571E-04	1.10E-04	1.20E-04	1.44E-04	1.09E-04	1.19E-04	3.79E-05	1.02E-04
x10010031     	1860.72	1.479E-04	1.22E-04	1.33E-04	1.60E-04	1.21E-04	1.31E-04	4.12E-05	1.13E-04
x10010031     	1853.02	1.436E-04	1.28E-04	1.39E-04	1.68E-04	1.27E-04	1.37E-04	4.28E-05	1.19E-04
x10010031     	1820.48	2.119E-04	1.57E-04	1.70E-04	2.05E-04	1.55E-04	1.67E-04	5.05E-05	1.45E-04
x10010031     	1810.83	1.953E-04	1.67E-04	1.80E-04	2.18E-04	1.65E-04	1.77E-04	5.32E-05	1.54E-04
x10010031     	1787.82	2.304E-04	1.94E-04	2.09E-04	2.53E-04	1.92E-04	2.04E-04	6.02E-05	1.78E-04
x10010031     	1780.16	2.461E-04	2.05E-04	2.19E-04	2.67E-04	2.01E-04	2.14E-04	6.27E-05	1.87E-04
x10010031     	1772.55	3.003E-04	2.15E-04	2.31E-04	2.80E-04	2.12E-04	2.25E-04	6.55E-05	1.96E-04
x10010031     	1707.19	3.264E-04	3.42E-04	3.62E-04	4.42E-04	3.34E-04	3.50E-04	9.61E-05	3.04E-04
